function poly = makePolyDefault()
%MAKEPOLYDEFAULT  Return a default example polynomial

  poly = [ ...
        -0.53         0.59
        -0.75          0.3
        -0.79        -0.15
        -0.46        -0.54
         0.39         -0.6
         0.77        -0.21
         0.81         0.32
         0.52         0.64
         0.26         0.53
         0.05          0.2
        -0.29         0.32];

